0.10000000149011612 
0.12479999661445618 
0.14560000598430634 
0.12540000677108765 
0.15690000355243683 
0.1054999977350235 
0.1412999927997589 
0.2134999930858612 
0.15289999544620514 
0.15929999947547913 
0.20399999618530273 
0.2361000031232834 
0.24629999697208405 
0.25589999556541443 
0.13899999856948853 
0.2678000032901764 
0.2303999960422516 
0.1768999993801117 
0.1704999953508377 
0.2215999960899353 
0.22589999437332153 
0.17000000178813934 
0.2840999960899353 
0.1632000058889389 
0.35420000553131104 
0.3395000100135803 
0.2628999948501587 
0.3246999979019165 
0.16840000450611115 
0.25 
0.18780000507831573 
0.29159998893737793 
0.3587999939918518 
0.27649998664855957 
0.13050000369548798 
0.2632000148296356 
0.3305000066757202 
0.3260999917984009 
0.337799996137619 
0.2897999882698059 
0.2752000093460083 
0.34369999170303345 
0.3240000009536743 
0.16779999434947968 
0.31520000100135803 
0.26499998569488525 
0.44749999046325684 
0.27720001339912415 
0.30149999260902405 
0.365200012922287 
0.32249999046325684 
0.31779998540878296 
0.23270000517368317 
0.37549999356269836 
0.3993000090122223 
0.39649999141693115 
0.23999999463558197 
0.290800005197525 
0.26829999685287476 
0.43700000643730164 
0.3650999963283539 
0.3160000145435333 
0.34549999237060547 
0.40130001306533813 
0.26499998569488525 
0.3431999981403351 
0.48489999771118164 
0.4426000118255615 
0.4050000011920929 
0.45899999141693115 
0.35589998960494995 
0.367900013923645 
0.25189998745918274 
0.40549999475479126 
0.3668999969959259 
0.296999990940094 
0.4645000100135803 
0.2777999937534332 
0.4075999855995178 
0.33230000734329224 
0.23749999701976776 
0.4936000108718872 
0.3564999997615814 
0.4198000133037567 
0.4837999939918518 
0.38600000739097595 
0.44449999928474426 
0.4237000048160553 
0.4223000109195709 
0.4147000014781952 
0.5386999845504761 
0.5 
0.4453999996185303 
0.4765999913215637 
0.41659998893737793 
0.374099999666214 
0.3458999991416931 
0.5396000146865845 
0.42980000376701355 
0.42329999804496765 
0.3894999921321869 
0.5056999921798706 
0.6036999821662903 
0.4702000021934509 
0.5386999845504761 
0.48919999599456787 
0.5584999918937683 
0.5266000032424927 
0.374099999666214 
0.4507000148296356 
0.5579000115394592 
0.3479999899864197 
0.4293999969959259 
0.41119998693466187 
0.4002000093460083 
0.4334000051021576 
0.3449999988079071 
0.4244000017642975 
0.47769999504089355 
0.3725999891757965 
0.2084999978542328 
0.5097000002861023 
0.5432999730110168 
0.45339998602867126 
0.5353999733924866 
0.511900007724762 
0.4032000005245209 
0.504800021648407 
0.4417000114917755 
0.2587999999523163 
0.367000013589859 
0.47110000252723694 
0.5503000020980835 
0.3447999954223633 
0.5791000127792358 
0.5666999816894531 
0.40779998898506165 
0.48980000615119934 
0.42170000076293945 
0.4652000069618225 
0.532800018787384 
0.5837000012397766 
0.36640000343322754 
0.4661000072956085 
0.3801000118255615 
0.44620001316070557 
0.5123999714851379 
0.4830000102519989 
0.46160000562667847 
0.5940999984741211 
0.39649999141693115 
0.613099992275238 
0.4544999897480011 
0.4611999988555908 
0.48399999737739563 
0.517799973487854 
0.5669999718666077 
0.57669997215271 
0.5400999784469604 
0.5446000099182129 
0.45739999413490295 
0.49779999256134033 
0.4018999934196472 
0.511900007724762 
0.47350001335144043 
0.5709999799728394 
0.4968999922275543 
0.5178999900817871 
0.4343999922275543 
0.48170000314712524 
0.5067999958992004 
0.47440001368522644 
0.5656999945640564 
0.46939998865127563 
0.6348000168800354 
0.4796000123023987 
0.48730000853538513 
0.5586000084877014 
0.6446999907493591 
0.6129999756813049 
0.6419000029563904 
0.6194999814033508 
0.5239999890327454 
0.3208000063896179 
0.5131999850273132 
0.517300009727478 
0.3946000039577484 
0.5274999737739563 
0.6334999799728394 
0.5741999745368958 
0.4797999858856201 
0.49140000343322754 
0.5052000284194946 
0.5831000208854675 
0.5644000172615051 
0.5058000087738037 
0.5853000283241272 
0.5346999764442444 
0.6001999974250793 
0.45089998841285706 
0.48649999499320984 
0.41029998660087585 
0.5209000110626221 
0.367900013923645 
0.614799976348877 
0.4848000109195709 
0.5558000206947327 
0.6187000274658203 
0.6345999836921692 
0.5105999708175659 
0.46149998903274536 
0.5954999923706055 
0.5921000242233276 
0.586899995803833 
0.6237000226974487 
0.6564000248908997 
0.4690999984741211 
0.6014000177383423 
0.6617000102996826 
0.40459999442100525 
0.6072999835014343 
0.6194000244140625 
0.5162000060081482 
0.5608999729156494 
0.5565000176429749 
0.5679000020027161 
0.4772999882698059 
0.5536999702453613 
0.6198999881744385 
0.5577999949455261 
0.5357999801635742 
0.5807999968528748 
0.5645999908447266 
0.6276999711990356 
0.5098999738693237 
0.5382000207901001 
0.524399995803833 
0.5986999869346619 
0.6051999926567078 
0.628000020980835 
0.5461999773979187 
0.5569999814033508 
0.6064000129699707 
0.5164999961853027 
0.6074000000953674 
0.5065000057220459 
0.5983999967575073 
0.5230000019073486 
0.6575999855995178 
0.6097999811172485 
0.6514000296592712 
0.4966999888420105 
0.5156999826431274 
0.49900001287460327 
0.48829999566078186 
0.6438000202178955 
0.5680999755859375 
0.5817000269889832 
0.6492000222206116 
0.579200029373169 
0.5839999914169312 
0.5105999708175659 
0.5891000032424927 
0.5694000124931335 
0.5037999749183655 
0.5415999889373779 
0.5982999801635742 
0.5669000148773193 
0.6675999760627747 
0.6068000197410583 
0.5875999927520752 
0.5263000130653381 
0.5511999726295471 
0.586899995803833 
0.6104999780654907 
0.43220001459121704 
0.6322000026702881 
0.5544000267982483 
0.5349000096321106 
0.6830000281333923 
0.5580000281333923 
0.6412000060081482 
0.6632999777793884 
0.5748999714851379 
0.5475000143051147 
0.4242999851703644 
0.5467000007629395 
0.6899999976158142 
0.680899977684021 
0.6481000185012817 
0.5450999736785889 
0.38119998574256897 
0.503600001335144 
0.5508000254631042 
0.5891000032424927 
0.5450000166893005 
0.6550999879837036 
0.6723999977111816 
0.5658000111579895 
0.6134999990463257 
0.5228000283241272 
0.6198999881744385 
0.5206000208854675 
0.6510000228881836 
0.5447999835014343 
0.5608999729156494 
0.5913000106811523 
0.6557000279426575 
0.5753999948501587 
0.5807999968528748 
0.578000009059906 
0.5767999887466431 
0.5231000185012817 
0.6635000109672546 
0.47200000286102295 
0.6349999904632568 
0.6366999745368958 
0.4456999897956848 
0.6524999737739563 
0.6581000089645386 
0.6229000091552734 
0.6685000061988831 
0.6215000152587891 
0.6409000158309937 
0.7032999992370605 
0.6347000002861023 
0.6191999912261963 
0.6879000067710876 
0.6191999912261963 
0.5917999744415283 
0.6790000200271606 
0.6491000056266785 
0.580299973487854 
0.6545000076293945 
0.6396999955177307 
0.5846999883651733 
0.544700026512146 
0.5720000267028809 
0.5282999873161316 
0.6498000025749207 
0.5997999906539917 
0.5284000039100647 
0.7135999798774719 
0.6539999842643738 
0.6007999777793884 
0.657800018787384 
0.5764999985694885 
0.6769999861717224 
0.6470999717712402 
0.5716999769210815 
0.654699981212616 
0.6499999761581421 
0.7268999814987183 
0.5845000147819519 
0.6044999957084656 
0.5745999813079834 
0.595300018787384 
0.5855000019073486 
0.5845000147819519 
0.6078000068664551 
0.6565999984741211 
0.6280999779701233 
0.7105000019073486 
0.5806000232696533 
0.6276999711990356 
0.5960999727249146 
0.5708000063896179 
0.659600019454956 
0.6317999958992004 
0.6377000212669373 
0.5655999779701233 
0.6873000264167786 
0.6480000019073486 
0.5892000198364258 
0.6144000291824341 
0.5274999737739563 
0.5835000276565552 
0.6485000252723694 
0.5834000110626221 
0.7041000127792358 
0.6367999911308289 
0.5638999938964844 
0.5670999884605408 
0.682699978351593 
0.6352999806404114 
0.6328999996185303 
0.6947000026702881 
0.504800021648407 
0.65829998254776 
0.6126999855041504 
0.5665000081062317 
0.6337000131607056 
0.5885999798774719 
0.6080999970436096 
0.6133999824523926 
0.5586000084877014 
0.6680999994277954 
0.5878000259399414 
0.6434000134468079 
0.6108999848365784 
0.6978999972343445 
0.6590999960899353 
0.6004999876022339 
0.6395999789237976 
0.6050000190734863 
0.651199996471405 
0.667900025844574 
0.6218000054359436 
0.6812000274658203 
0.6815000176429749 
0.5622000098228455 
0.5778999924659729 
0.6424999833106995 
0.5911999940872192 
0.6879000067710876 
0.6603999733924866 
0.6675999760627747 
0.6432999968528748 
0.6626999974250793 
0.6039999723434448 
0.7026000022888184 
0.659600019454956 
0.644599974155426 
0.6654999852180481 
0.6432999968528748 
0.6525999903678894 
0.5983999967575073 
0.5325999855995178 
0.728600025177002 
0.6395000219345093 
0.6466000080108643 
0.6057999730110168 
0.6549000144004822 
0.5968999862670898 
0.6995000243186951 
0.6960999965667725 
0.6654000282287598 
0.6841999888420105 
0.7039999961853027 
0.6794999837875366 
0.6647999882698059 
0.6733999848365784 
0.7203999757766724 
0.6960999965667725 
0.6425999999046326 
0.5709999799728394 
0.6240000128746033 
0.6693000197410583 
0.5507000088691711 
0.6970999836921692 
0.6337000131607056 
0.6171000003814697 
0.6953999996185303 
0.5720999836921692 
0.6574000120162964 
0.6766999959945679 
0.6916000247001648 
0.6215999722480774 
0.5095999836921692 
0.6837000250816345 
0.6869000196456909 
0.722599983215332 
0.6466000080108643 
0.7164999842643738 
0.6281999945640564 
0.5600000023841858 
0.5723999738693237 
0.646399974822998 
0.5309000015258789 
0.6729999780654907 
0.6668000221252441 
0.5324000120162964 
0.6083999872207642 
0.6901000142097473 
0.6976000070571899 
0.6146000027656555 
0.6471999883651733 
0.7085999846458435 
0.6811000108718872 
0.7063000202178955 
0.6326000094413757 
0.7545999884605408 
0.7249000072479248 
0.6327999830245972 
0.6589999794960022 
0.6952999830245972 
0.5928999781608582 
0.6503999829292297 
0.7017999887466431 
0.6208999752998352 
0.6316999793052673 
0.7268999814987183 
0.6908000111579895 
0.6948999762535095 
0.7095000147819519 
0.7188000082969666 
0.48890000581741333 
0.7271000146865845 
0.6114000082015991 
0.6769999861717224 
0.47040000557899475 
0.695900022983551 
0.6841999888420105 
0.7105000019073486 
0.7016000151634216 
0.6473000049591064 
0.7142999768257141 
0.6241000294685364 
0.5975000262260437 
0.66839998960495 
0.6879000067710876 
0.6758999824523926 
0.5605000257492065 
0.6208000183105469 
0.6733999848365784 
0.6547999978065491 
0.6715999841690063 
0.6552000045776367 
0.6277999877929688 
0.6988999843597412 
0.6164000034332275 
0.746399998664856 
0.664900004863739 
0.644599974155426 
0.636900007724762 
0.704200029373169 
0.6567999720573425 
0.65829998254776 
0.7264000177383423 
0.5339999794960022 
0.6816999912261963 
0.6517999768257141 
0.707099974155426 
0.6984999775886536 
0.6819999814033508 
0.6690999865531921 
0.7429999709129333 
0.7419999837875366 
0.6823999881744385 
0.6273999810218811 
0.7073000073432922 
0.6355000138282776 
0.7135000228881836 
0.646399974822998 
0.5956000089645386 
0.6171000003814697 
0.691100001335144 
0.7028999924659729 
0.7053999900817871 
0.6482999920845032 
0.6812000274658203 
0.6985999941825867 
0.7355999946594238 
0.6536999940872192 
0.6401000022888184 
0.6708999872207642 
0.6766999959945679 
0.7350999712944031 
0.7214000225067139 
0.6675000190734863 
0.6865000128746033 
0.6739000082015991 
0.6880999803543091 
0.6872000098228455 
0.6947000026702881 
0.715399980545044 
0.7383999824523926 
0.6549000144004822 
0.7444999814033508 
0.6991999745368958 
0.682699978351593 
0.7318000197410583 
0.6473000049591064 
0.6726999878883362 
0.602400004863739 
0.7024000287055969 
0.7436000108718872 
0.6793000102043152 
0.57669997215271 
0.6218000054359436 
0.7293000221252441 
0.7301999926567078 
0.70169997215271 
0.7050999999046326 
0.7113000154495239 
0.7240999937057495 
0.6514000296592712 
0.7064999938011169 
0.7106999754905701 
0.6924999952316284 
0.6600000262260437 
0.6665999889373779 
0.5720999836921692 
0.7214000225067139 
0.7172999978065491 
0.6682999730110168 
0.7069000005722046 
0.6480000019073486 
0.6916000247001648 
0.7441999912261963 
0.7095000147819519 
0.7508000135421753 
0.6747999787330627 
0.7300999760627747 
0.7235000133514404 
0.6883000135421753 
0.6675999760627747 
0.6747000217437744 
0.7199000120162964 
0.6726999878883362 
0.7652000188827515 
0.6690999865531921 
0.7475000023841858 
0.641700029373169 
0.7562000155448914 
0.652400016784668 
0.7251999974250793 
0.7232999801635742 
0.7360000014305115 
0.7159000039100647 
0.7459999918937683 
0.6924999952316284 
0.6437000036239624 
0.6934000253677368 
0.7426999807357788 
0.5453000068664551 
0.7218999862670898 
0.7113999724388123 
0.7592999935150146 
0.5885999798774719 
0.775600016117096 
0.6517999768257141 
0.7170000076293945 
0.650600016117096 
0.7164000272750854 
0.7123000025749207 
0.6593000292778015 
0.695900022983551 
0.7143999934196472 
0.7587000131607056 
0.7146000266075134 
0.7103000283241272 
0.7419999837875366 
0.6373000144958496 
0.7462999820709229 
0.6355000138282776 
0.6547999978065491 
0.734499990940094 
0.7583000063896179 
0.6414999961853027 
0.7433000206947327 
0.6376000046730042 
0.7163000106811523 
0.7196999788284302 
0.6960999965667725 
0.703499972820282 
0.7421000003814697 
0.7373999953269958 
0.7378000020980835 
0.7105000019073486 
0.7383000254631042 
0.6826000213623047 
0.7512999773025513 
0.694100022315979 
0.7447999715805054 
0.7450000047683716 
0.6909000277519226 
0.6851000189781189 
0.7576000094413757 
0.7172999978065491 
0.7311000227928162 
0.7516999840736389 
0.6496000289916992 
0.7373999953269958 
0.7387999892234802 
0.7002000212669373 
0.6373000144958496 
0.6736999750137329 
0.7361000180244446 
0.6970000267028809 
0.7013000249862671 
0.7714999914169312 
0.7013999819755554 
0.748199999332428 
0.6715999841690063 
0.7218000292778015 
0.6783000230789185 
0.7095000147819519 
0.7229999899864197 
0.7350999712944031 
0.6858999729156494 
0.6876999735832214 
0.7206000089645386 
0.775600016117096 
0.7164999842643738 
0.6809999942779541 
0.7457000017166138 
0.7329999804496765 
0.7279000282287598 
0.6776999831199646 
0.7218000292778015 
0.6916999816894531 
0.6662999987602234 
0.7757999897003174 
0.6618000268936157 
0.7509999871253967 
0.6370000243186951 
0.6733999848365784 
0.6786999702453613 
0.6715999841690063 
0.6965000033378601 
0.6899999976158142 
0.7167999744415283 
0.7267000079154968 
0.7634000182151794 
0.6668000221252441 
0.6833999752998352 
0.7390000224113464 
0.7275000214576721 
0.6825000047683716 
0.7512000203132629 
0.7450000047683716 
0.7064999938011169 
0.7228000164031982 
0.7391999959945679 
0.6614999771118164 
0.7764999866485596 
0.7135999798774719 
0.7656999826431274 
0.7279000282287598 
0.7314000129699707 
0.660099983215332 
0.7480999827384949 
0.684499979019165 
0.7042999863624573 
0.7311999797821045 
0.6866000294685364 
0.7279000282287598 
0.6190999746322632 
0.6815000176429749 
0.7045999765396118 
0.6241000294685364 
0.6972000002861023 
0.7383000254631042 
0.7411999702453613 
0.760200023651123 
0.6478999853134155 
0.7389000058174133 
0.6955000162124634 
0.6676999926567078 
0.7504000067710876 
0.6996999979019165 
0.7160000205039978 
0.7059000134468079 
0.7229999899864197 
0.7210000157356262 
0.7476000189781189 
0.6854000091552734 
0.7314000129699707 
0.5734999775886536 
0.7547000050544739 
0.7315000295639038 
0.7556999921798706 
0.7337999939918518 
0.6473000049591064 
0.757099986076355 
0.7303000092506409 
0.6736000180244446 
0.755299985408783 
0.7792999744415283 
0.6966000199317932 
0.7261000275611877 
0.7305999994277954 
0.7436000108718872 
0.7105000019073486 
0.7214000225067139 
0.7222999930381775 
0.7024999856948853 
0.6861000061035156 
0.703499972820282 
0.7319999933242798 
0.7246999740600586 
0.7032999992370605 
0.7110999822616577 
0.6639000177383423 
0.6876999735832214 
0.7364000082015991 
0.7229999899864197 
0.7075999975204468 
0.6983000040054321 
0.6388999819755554 
0.6687999963760376 
0.6830999851226807 
0.7587000131607056 
0.7559999823570251 
0.7128999829292297 
0.7511000037193298 
0.7455000281333923 
0.7181000113487244 
0.7174000144004822 
0.7221999764442444 
0.7487999796867371 
0.7508999705314636 
0.7483000159263611 
0.7480999827384949 
0.7189000248908997 
0.644599974155426 
0.7613000273704529 
0.699400007724762 
0.757099986076355 
0.7487000226974487 
0.6736000180244446 
0.746999979019165 
0.7585999965667725 
0.699999988079071 
0.7228999733924866 
0.6326000094413757 
0.7146000266075134 
0.7646999955177307 
0.7224000096321106 
0.7283999919891357 
0.5964000225067139 
0.6728000044822693 
0.7178000211715698 
0.760699987411499 
0.7390999794006348 
0.7412999868392944 
0.7028999924659729 
0.7519000172615051 
0.7009999752044678 
0.7300000190734863 
0.7821000218391418 
0.7069000005722046 
0.7601000070571899 
0.6011999845504761 
0.7768999934196472 
0.680400013923645 
0.6909000277519226 
0.6970000267028809 
0.7225000262260437 
0.6766999959945679 
0.7748000025749207 
0.6879000067710876 
0.6230000257492065 
0.7389000058174133 
0.7226999998092651 
0.7016000151634216 
0.7526000142097473 
0.6707000136375427 
0.7670000195503235 
0.7139999866485596 
0.7591000199317932 
0.7414000034332275 
0.7171000242233276 
0.7275999784469604 
0.6610000133514404 
0.6116999983787537 
0.7919999957084656 
0.7324000000953674 
0.7634000182151794 
0.7613999843597412 
0.7465000152587891 
0.7077999711036682 
0.7419999837875366 
0.6710000038146973 
0.739300012588501 
0.7473000288009644 
0.6865000128746033 
0.7264000177383423 
0.7799000144004822 
0.7156000137329102 
0.7613999843597412 
0.6575000286102295 
0.745199978351593 
0.7519000172615051 
0.6021999716758728 
0.6832000017166138 
0.7717000246047974 
0.7081000208854675 
0.5633000135421753 
0.7519000172615051 
0.7407000064849854 
0.7300999760627747 
0.7597000002861023 
0.7534000277519226 
0.7232000231742859 
0.7554000020027161 
0.7508999705314636 
0.7555999755859375 
0.6241000294685364 
0.7515000104904175 
0.7580999732017517 
0.7202000021934509 
0.7828999757766724 
0.7339000105857849 
0.7163000106811523 
0.7289000153541565 
0.765999972820282 
0.7243000268936157 
0.7544000148773193 
0.7732999920845032 
0.7699000239372253 
0.76910001039505 
0.7401000261306763 
0.7439000010490417 
0.7490000128746033 
0.7756999731063843 
0.671500027179718 
0.692799985408783 
0.7318999767303467 
0.7235999703407288 
0.7925999760627747 
0.7123000025749207 
0.7328000068664551 
0.7547000050544739 
0.6377999782562256 
0.7160999774932861 
0.7487999796867371 
0.7342000007629395 
0.7271000146865845 
0.7360000014305115 
0.7455000281333923 
0.7509999871253967 
0.7372999787330627 
0.7784000039100647 
0.7598999738693237 
0.7810999751091003 
0.7355999946594238 
0.7296000123023987 
0.7035999894142151 
0.7688999772071838 
0.7930999994277954 
0.7620999813079834 
0.7602999806404114 
0.7287999987602234 
0.788100004196167 
0.7204999923706055 
0.7250000238418579 
0.7468000054359436 
0.7245000004768372 
0.7221999764442444 
0.7652999758720398 
0.7574999928474426 
0.72079998254776 
0.6714000105857849 
0.7268999814987183 
0.767300009727478 
0.7677000164985657 
0.7522000074386597 
0.7559000253677368 
0.7817999720573425 
0.765999972820282 
0.71670001745224 
0.734000027179718 
0.7857000231742859 
0.7497000098228455 
0.7193999886512756 
0.7153000235557556 
0.7391999959945679 
0.7199000120162964 
0.7398999929428101 
0.7605999708175659 
0.7623999714851379 
0.7612000107765198 
0.7745000123977661 
0.7045999765396118 
0.7540000081062317 
0.7684000134468079 
0.7667999863624573 
0.7497000098228455 
0.652899980545044 
0.7057999968528748 
0.7515000104904175 
0.7644000053405762 
0.7771000266075134 
0.7615000009536743 
0.7559999823570251 
0.6873999834060669 
0.7843000292778015 
0.7211999893188477 
0.7003999948501587 
0.7329000234603882 
0.7214999794960022 
0.7010999917984009 
0.7473999857902527 
0.7387999892234802 
0.7193999886512756 
0.7261999845504761 
0.732699990272522 
0.7613999843597412 
0.7046999931335449 
0.7348999977111816 
0.7506999969482422 
0.7548999786376953 
0.7361000180244446 
0.785099983215332 
0.7096999883651733 
0.7940999865531921 
0.7351999878883362 
0.7019000053405762 
