0.10000000149011612 
0.10000000149011612 
0.10040000081062317 
0.16089999675750732 
0.10090000182390213 
0.12210000306367874 
0.11060000211000443 
0.21359999477863312 
0.11089999973773956 
0.17319999635219574 
0.10350000113248825 
0.13500000536441803 
0.2761000096797943 
0.2061000019311905 
0.12800000607967377 
0.28130000829696655 
0.21480000019073486 
0.17960000038146973 
0.26249998807907104 
0.2863999903202057 
0.1582999974489212 
0.2870999872684479 
0.16930000483989716 
0.20589999854564667 
0.21660000085830688 
0.24169999361038208 
0.334199994802475 
0.298799991607666 
0.17159999907016754 
0.20409999787807465 
0.2101999968290329 
0.35429999232292175 
0.3458000123500824 
0.29600000381469727 
0.2547999918460846 
0.2930000126361847 
0.3248000144958496 
0.38839998841285706 
0.39489999413490295 
0.2500999867916107 
0.335999995470047 
0.1632000058889389 
0.30869999527931213 
0.39719998836517334 
0.2919999957084656 
0.3619000017642975 
0.2644999921321869 
0.2827000021934509 
0.428600013256073 
0.4693000018596649 
0.3650999963283539 
0.29440000653266907 
0.2897999882698059 
0.39579999446868896 
0.22380000352859497 
0.3361999988555908 
0.3522999882698059 
0.4912000000476837 
0.3021000027656555 
0.32580000162124634 
0.38989999890327454 
0.33980000019073486 
0.24379999935626984 
0.2644999921321869 
0.30720001459121704 
0.3952000141143799 
0.3986000120639801 
0.43209999799728394 
0.21789999306201935 
0.36070001125335693 
0.4106000065803528 
0.49950000643730164 
0.3571000099182129 
0.34689998626708984 
0.28600001335144043 
0.4772000014781952 
0.421099990606308 
0.36410000920295715 
0.4514000117778778 
0.41679999232292175 
0.4122999906539917 
0.3846000134944916 
0.36469998955726624 
0.3393000066280365 
0.31520000100135803 
0.4634000062942505 
0.46889999508857727 
0.3176000118255615 
0.24230000376701355 
0.5059000253677368 
0.40389999747276306 
0.353300005197525 
0.39480000734329224 
0.5259000062942505 
0.5013999938964844 
0.5120000243186951 
0.39820000529289246 
0.4174000024795532 
0.3287999927997589 
0.38100001215934753 
0.43290001153945923 
0.4749999940395355 
0.48829999566078186 
0.23919999599456787 
0.4909000098705292 
0.42160001397132874 
0.4059999883174896 
0.42730000615119934 
0.5379999876022339 
0.513700008392334 
0.5206000208854675 
0.5558000206947327 
0.36390000581741333 
0.4675999879837036 
0.5349000096321106 
0.43709999322891235 
0.30469998717308044 
0.45100000500679016 
0.43720000982284546 
0.5149000287055969 
0.4675999879837036 
0.45559999346733093 
0.4569999873638153 
0.5702999830245972 
0.45329999923706055 
0.45590001344680786 
0.5256999731063843 
0.4260999858379364 
0.4894999861717224 
0.5069000124931335 
0.4611000120639801 
0.44839999079704285 
0.512499988079071 
0.44530001282691956 
0.42309999465942383 
0.39010000228881836 
0.5059999823570251 
0.5055000185966492 
0.5903000235557556 
0.5703999996185303 
0.4668999910354614 
0.46000000834465027 
0.5024999976158142 
0.3783000111579895 
0.4948999881744385 
0.4000999927520752 
0.5741999745368958 
0.47130000591278076 
0.569100022315979 
0.4790000021457672 
0.5012000203132629 
0.43540000915527344 
0.44029998779296875 
0.5192000269889832 
0.492900013923645 
0.4860999882221222 
0.5281000137329102 
0.4968000054359436 
0.6467999815940857 
0.5184999704360962 
0.5157999992370605 
0.5429999828338623 
0.4221000075340271 
0.49059998989105225 
0.3727000057697296 
0.4634999930858612 
0.5864999890327454 
0.53329998254776 
0.49470001459121704 
0.4413999915122986 
0.48240000009536743 
0.4083999991416931 
0.3140999972820282 
0.4715999960899353 
0.424699991941452 
0.6482999920845032 
0.5824000239372253 
0.5896000266075134 
0.6075999736785889 
0.618399977684021 
0.29100000858306885 
0.5733000040054321 
0.5073000192642212 
0.4429999887943268 
0.589900016784668 
0.49950000643730164 
0.545799970626831 
0.5806000232696533 
0.40049999952316284 
0.5085999965667725 
0.5295000076293945 
0.617900013923645 
0.5160999894142151 
0.46230000257492065 
0.5307000279426575 
0.5019999742507935 
0.6456000208854675 
0.42730000615119934 
0.47450000047683716 
0.5041000247001648 
0.6204000115394592 
0.5996999740600586 
0.527999997138977 
0.5985000133514404 
0.4830000102519989 
0.4681999981403351 
0.5511000156402588 
0.6026999950408936 
0.5424000024795532 
0.5690000057220459 
0.5389000177383423 
0.5187000036239624 
0.6460999846458435 
0.3305000066757202 
0.5522000193595886 
0.4681999981403351 
0.43619999289512634 
0.6116999983787537 
0.5486000180244446 
0.5116999745368958 
0.5608999729156494 
0.5656999945640564 
0.6298999786376953 
0.5212000012397766 
0.6207000017166138 
0.5964999794960022 
0.6585999727249146 
0.5278000235557556 
0.5011000037193298 
0.5591999888420105 
0.374099999666214 
0.5310999751091003 
0.5390999913215637 
0.49889999628067017 
0.5203999876976013 
0.49950000643730164 
0.415800005197525 
0.5598999857902527 
0.5913000106811523 
0.5863999724388123 
0.6682000160217285 
0.6035000085830688 
0.6169000267982483 
0.37599998712539673 
0.5085999965667725 
0.6111000180244446 
0.5350000262260437 
0.367900013923645 
0.6723999977111816 
0.5649999976158142 
0.6628000140190125 
0.6220999956130981 
0.6541000008583069 
0.5590999722480774 
0.59579998254776 
0.5626000165939331 
0.6287999749183655 
0.6707000136375427 
0.612500011920929 
0.6442999839782715 
0.5895000100135803 
0.6660000085830688 
0.5706999897956848 
0.45159998536109924 
0.6055999994277954 
0.6385999917984009 
0.6395999789237976 
0.6064000129699707 
0.5957000255584717 
0.6355000138282776 
0.6202999949455261 
0.5304999947547913 
0.5430999994277954 
0.5145999789237976 
0.5271000266075134 
0.6037999987602234 
0.6471999883651733 
0.4239000082015991 
0.6248999834060669 
0.6086000204086304 
0.5550000071525574 
0.6729999780654907 
0.6147000193595886 
0.4350000023841858 
0.6481000185012817 
0.5773000121116638 
0.6620000004768372 
0.5982000231742859 
0.5654000043869019 
0.6187999844551086 
0.6233999729156494 
0.39100000262260437 
0.6660000085830688 
0.5210999846458435 
0.64410001039505 
0.5781000256538391 
0.6384000182151794 
0.47099998593330383 
0.6545000076293945 
0.557200014591217 
0.5651000142097473 
0.6001999974250793 
0.6678000092506409 
0.6055999994277954 
0.5742999911308289 
0.6758000254631042 
0.6158000230789185 
0.4083000123500824 
0.6567000150680542 
0.6355000138282776 
0.5267000198364258 
0.5637999773025513 
0.5102999806404114 
0.6710000038146973 
0.5259000062942505 
0.6189000010490417 
0.6190999746322632 
0.5992000102996826 
0.6917999982833862 
0.6614999771118164 
0.7177000045776367 
0.47679999470710754 
0.6236000061035156 
0.6784999966621399 
0.5853999853134155 
0.6740999817848206 
0.6664000153541565 
0.6880000233650208 
0.6898999810218811 
0.5740000009536743 
0.45969998836517334 
0.6388000249862671 
0.6319000124931335 
0.5863000154495239 
0.6294999718666077 
0.6718000173568726 
0.6779999732971191 
0.532800018787384 
0.6252999901771545 
0.6826000213623047 
0.6797999739646912 
0.6324999928474426 
0.6832000017166138 
0.570900022983551 
0.6779000163078308 
0.6116999983787537 
0.5033000111579895 
0.6561999917030334 
0.7354999780654907 
0.6973999738693237 
0.5963000059127808 
0.5393000245094299 
0.7239000201225281 
0.6312999725341797 
0.7285000085830688 
0.6643000245094299 
0.6105999946594238 
0.5982000231742859 
0.5759000182151794 
0.6567999720573425 
0.6191999912261963 
0.6521000266075134 
0.647599995136261 
0.6689000129699707 
0.7171000242233276 
0.663100004196167 
0.6467000246047974 
0.6258000135421753 
0.6212000250816345 
0.44589999318122864 
0.6628000140190125 
0.7389000058174133 
0.5957000255584717 
0.6319000124931335 
0.6902999877929688 
0.6481000185012817 
0.6847000122070312 
0.6593000292778015 
0.6467999815940857 
0.6452999711036682 
0.5655999779701233 
0.6772000193595886 
0.7498000264167786 
0.5475000143051147 
0.6218000054359436 
0.6377999782562256 
0.5598000288009644 
0.375 
0.6926000118255615 
0.5989999771118164 
0.6556000113487244 
0.6972000002861023 
0.6662999987602234 
0.6883000135421753 
0.6714000105857849 
0.6790000200271606 
0.644599974155426 
0.5629000067710876 
0.6158000230789185 
0.5957000255584717 
0.6251000165939331 
0.532800018787384 
0.661899983882904 
0.597000002861023 
0.6471999883651733 
0.6176000237464905 
0.6830000281333923 
0.6959999799728394 
0.6524999737739563 
0.6420999765396118 
0.7110000252723694 
0.5853999853134155 
0.641700029373169 
0.6603000164031982 
0.6287000179290771 
0.6089000105857849 
0.6147000193595886 
0.6218000054359436 
0.7391999959945679 
0.7041000127792358 
0.6175000071525574 
0.6949999928474426 
0.683899998664856 
0.5723999738693237 
0.6937000155448914 
0.6757000088691711 
0.7175999879837036 
0.6924999952316284 
0.5453000068664551 
0.7253999710083008 
0.7055000066757202 
0.673799991607666 
0.6822999715805054 
0.6988000273704529 
0.6610999703407288 
0.6769999861717224 
0.6815999746322632 
0.7026000022888184 
0.6270999908447266 
0.6273000240325928 
0.5935999751091003 
0.6922000050544739 
0.6039999723434448 
0.6870999932289124 
0.7299000024795532 
0.6861000061035156 
0.6603999733924866 
0.6791999936103821 
0.5723999738693237 
0.6205999851226807 
0.6858000159263611 
0.5878999829292297 
0.675599992275238 
0.7368999719619751 
0.6776999831199646 
0.6729999780654907 
0.6179999709129333 
0.659600019454956 
0.6200000047683716 
0.6164000034332275 
0.6202999949455261 
0.6923999786376953 
0.7552000284194946 
0.7045000195503235 
0.5577999949455261 
0.6812000274658203 
0.7127000093460083 
0.6597999930381775 
0.766700029373169 
0.6643999814987183 
0.6444000005722046 
0.694599986076355 
0.7017999887466431 
0.7168999910354614 
0.7123000025749207 
0.7350999712944031 
0.6366999745368958 
0.6629999876022339 
0.6384999752044678 
0.5891000032424927 
0.5662999749183655 
0.5864999890327454 
0.6777999997138977 
0.6883999705314636 
0.6811000108718872 
0.6732000112533569 
0.7222999930381775 
0.5911999940872192 
0.7548999786376953 
0.6144000291824341 
0.7099000215530396 
0.5220000147819519 
0.640500009059906 
0.6496999859809875 
0.6223999857902527 
0.7020000219345093 
0.650600016117096 
0.7106999754905701 
0.6582000255584717 
0.544700026512146 
0.5978000164031982 
0.7357000112533569 
0.7081000208854675 
0.6438999772071838 
0.7181000113487244 
0.6001999974250793 
0.6502000093460083 
0.6365000009536743 
0.6836000084877014 
0.7307999730110168 
0.7070000171661377 
0.6614000201225281 
0.715499997138977 
0.6916999816894531 
0.6819999814033508 
0.6769999861717224 
0.6183000206947327 
0.675000011920929 
0.6899999976158142 
0.6854000091552734 
0.7167999744415283 
0.699999988079071 
0.7160999774932861 
0.7249000072479248 
0.6137999892234802 
0.7271999716758728 
0.6676999926567078 
0.6930000185966492 
0.7063000202178955 
0.6758000254631042 
0.7250999808311462 
0.6439999938011169 
0.6353999972343445 
0.7138000130653381 
0.5960999727249146 
0.6682999730110168 
0.5738999843597412 
0.7008000016212463 
0.6025999784469604 
0.5910999774932861 
0.7020999789237976 
0.7002000212669373 
0.6603999733924866 
0.718999981880188 
0.6270999908447266 
0.6958000063896179 
0.5426999926567078 
0.7002000212669373 
0.5267999768257141 
0.6825000047683716 
0.6575999855995178 
0.7081000208854675 
0.7170000076293945 
0.746999979019165 
0.690500020980835 
0.6859999895095825 
0.7627999782562256 
0.7174000144004822 
0.724399983882904 
0.6761000156402588 
0.629800021648407 
0.661899983882904 
0.6191999912261963 
0.6574000120162964 
0.7088000178337097 
0.7092999815940857 
0.7605999708175659 
0.7310000061988831 
0.7005000114440918 
0.640500009059906 
0.7181000113487244 
0.7163000106811523 
0.6660000085830688 
0.7146999835968018 
0.5282999873161316 
0.7641000151634216 
0.6915000081062317 
0.7328000068664551 
0.654699981212616 
0.5896999835968018 
0.7282000184059143 
0.7175999879837036 
0.739799976348877 
0.6998000144958496 
0.5016000270843506 
0.6398000121116638 
0.6690999865531921 
0.6850000023841858 
0.7131999731063843 
0.765999972820282 
0.6761999726295471 
0.6394000053405762 
0.6622999906539917 
0.6611999869346619 
0.6425999999046326 
0.6255999803543091 
0.7332000136375427 
0.6043000221252441 
0.6765000224113464 
0.6902999877929688 
0.6744999885559082 
0.6596999764442444 
0.7434999942779541 
0.618399977684021 
0.6700999736785889 
0.6930999755859375 
0.7355999946594238 
0.7615000009536743 
0.7203999757766724 
0.6891999840736389 
0.6743999719619751 
0.6998000144958496 
0.6383000016212463 
0.6905999779701233 
0.6779999732971191 
0.6905999779701233 
0.718500018119812 
0.524399995803833 
0.7354000210762024 
0.7439000010490417 
0.7156999707221985 
0.7688000202178955 
0.708299994468689 
0.7339000105857849 
0.7204999923706055 
0.5615000128746033 
0.7465999722480774 
0.6876999735832214 
0.7235000133514404 
0.654699981212616 
0.6951000094413757 
0.6406000256538391 
0.6919000148773193 
0.698199987411499 
0.7720999717712402 
0.7314000129699707 
0.6620000004768372 
0.7279000282287598 
0.7372000217437744 
0.7240999937057495 
0.7190999984741211 
0.6621000170707703 
0.7700999975204468 
0.6060000061988831 
0.7559999823570251 
0.7098000049591064 
0.621399998664856 
0.7366999983787537 
0.7350999712944031 
0.7764999866485596 
0.7049999833106995 
0.6679999828338623 
0.6549000144004822 
0.7386000156402588 
0.7569000124931335 
0.6725000143051147 
0.7282999753952026 
0.6823999881744385 
0.6992999911308289 
0.7124999761581421 
0.6790000200271606 
0.7282999753952026 
0.7664999961853027 
0.6769000291824341 
0.6556000113487244 
0.7450000047683716 
0.742900013923645 
0.7239000201225281 
0.6765999794006348 
0.6875 
0.6818000078201294 
0.6554999947547913 
0.7378000020980835 
0.7150999903678894 
0.7371000051498413 
0.6848000288009644 
0.7037000060081482 
0.7389000058174133 
0.676800012588501 
0.694100022315979 
0.7563999891281128 
0.7404000163078308 
0.7504000067710876 
0.6854000091552734 
0.7010999917984009 
0.776199996471405 
0.7045000195503235 
0.6833000183105469 
0.707099974155426 
0.7049999833106995 
0.7253999710083008 
0.6959999799728394 
0.7444999814033508 
0.7127000093460083 
0.6973000168800354 
0.6901999711990356 
0.7477999925613403 
0.7386000156402588 
0.6668000221252441 
0.6625999808311462 
0.6908000111579895 
0.7734000086784363 
0.6230000257492065 
0.7293000221252441 
0.6504999995231628 
0.6977999806404114 
0.6632999777793884 
0.7476999759674072 
0.6773999929428101 
0.7037000060081482 
0.7401999831199646 
0.6474999785423279 
0.6604999899864197 
0.6833000183105469 
0.7085999846458435 
0.73089998960495 
0.7231000065803528 
0.7279000282287598 
0.7350999712944031 
0.7694000005722046 
0.7466999888420105 
0.6775000095367432 
0.6869000196456909 
0.6865000128746033 
0.774399995803833 
0.708899974822998 
0.6751999855041504 
0.6988000273704529 
0.7253999710083008 
0.6644999980926514 
0.6937000155448914 
0.6901000142097473 
0.7544000148773193 
0.7414000034332275 
0.7574999928474426 
0.734499990940094 
0.7784000039100647 
0.7268999814987183 
0.7504000067710876 
0.6851000189781189 
0.7407000064849854 
0.7407000064849854 
0.7150999903678894 
0.772599995136261 
0.6743999719619751 
0.751800000667572 
0.6791999936103821 
0.7161999940872192 
0.7074000239372253 
0.7117000222206116 
0.7055000066757202 
0.5835000276565552 
0.7161999940872192 
0.7681000232696533 
0.7167999744415283 
0.6866999864578247 
0.7384999990463257 
0.6736999750137329 
0.7139999866485596 
0.6869999766349792 
0.7347000241279602 
0.6366000175476074 
0.7117999792098999 
0.7605999708175659 
0.7361999750137329 
0.7242000102996826 
0.7717000246047974 
0.7149999737739563 
0.7401000261306763 
0.6920999884605408 
0.7146999835968018 
0.7436000108718872 
0.6320000290870667 
0.742900013923645 
0.718999981880188 
0.7365999817848206 
0.6615999937057495 
0.746399998664856 
0.6876999735832214 
0.7723000049591064 
0.7247999906539917 
0.6952999830245972 
0.671500027179718 
0.7329999804496765 
0.7807999849319458 
0.732699990272522 
0.7836999893188477 
0.7207000255584717 
0.7552000284194946 
0.7184000015258789 
0.7080000042915344 
0.6765999794006348 
0.7337999939918518 
0.70660001039505 
0.5807999968528748 
0.7060999870300293 
0.7511000037193298 
0.739300012588501 
0.7228000164031982 
0.6728000044822693 
0.7457000017166138 
0.7767000198364258 
0.6998999714851379 
0.708299994468689 
0.6865000128746033 
0.7667999863624573 
0.7526000142097473 
0.7271999716758728 
0.6620000004768372 
0.6883999705314636 
0.6930000185966492 
0.7009999752044678 
0.6746000051498413 
0.7049999833106995 
0.7401999831199646 
0.7145000100135803 
0.7631000280380249 
0.7588000297546387 
0.7509999871253967 
0.7694000005722046 
0.7348999977111816 
0.7797999978065491 
0.7319999933242798 
0.692300021648407 
0.6431000232696533 
0.6973999738693237 
0.6085000038146973 
0.7419000267982483 
0.7605999708175659 
0.7174000144004822 
0.6628000140190125 
0.7422000169754028 
0.7246999740600586 
0.7279000282287598 
0.6664000153541565 
0.6916999816894531 
0.7979000210762024 
0.7229999899864197 
0.7793999910354614 
0.5939000248908997 
0.7217000126838684 
0.6700999736785889 
0.6812000274658203 
0.7578999996185303 
0.7167999744415283 
0.7383999824523926 
0.7378000020980835 
0.715499997138977 
0.7746000289916992 
0.7684000134468079 
0.711899995803833 
0.7634999752044678 
0.7268999814987183 
0.7462999820709229 
0.7656999826431274 
0.7386000156402588 
0.7718999981880188 
0.7766000032424927 
0.6888999938964844 
0.6337000131607056 
0.7728999853134155 
0.6863999962806702 
0.7576000094413757 
0.7731999754905701 
0.766700029373169 
0.7860999703407288 
0.7443000078201294 
0.7211999893188477 
0.7202000021934509 
0.745199978351593 
0.742900013923645 
0.7451000213623047 
0.6424999833106995 
0.7409999966621399 
0.788100004196167 
0.771399974822998 
0.7300000190734863 
0.633899986743927 
0.6815999746322632 
0.7817000150680542 
0.7649999856948853 
0.7149999737739563 
0.7946000099182129 
0.7612000107765198 
0.76910001039505 
0.7789000272750854 
0.730400025844574 
0.7623000144958496 
0.7307000160217285 
0.6661999821662903 
0.772599995136261 
0.7293999791145325 
0.7003999948501587 
0.6776999831199646 
0.7452999949455261 
0.7347999811172485 
0.7285000085830688 
0.7767999768257141 
0.7289000153541565 
0.7350000143051147 
0.7803000211715698 
0.7730000019073486 
0.7027000188827515 
0.6413000226020813 
0.7842000126838684 
0.7186999917030334 
0.6305999755859375 
0.6761000156402588 
0.7145000100135803 
0.741100013256073 
0.6898999810218811 
0.7551000118255615 
0.7588000297546387 
0.7662000060081482 
0.7569000124931335 
0.6855000257492065 
0.7560999989509583 
0.7498999834060669 
0.7874000072479248 
0.7684999704360962 
0.7878000140190125 
0.67330002784729 
0.7663000226020813 
0.7573000192642212 
0.728600025177002 
0.704200029373169 
0.7483999729156494 
0.7695000171661377 
0.7609999775886536 
0.765999972820282 
0.7723000049591064 
0.7113000154495239 
0.7052000164985657 
0.7426000237464905 
0.7699000239372253 
0.7414000034332275 
0.7285000085830688 
0.728600025177002 
0.7384999990463257 
0.7458000183105469 
0.7357000112533569 
0.6718999743461609 
0.675000011920929 
0.7512000203132629 
0.7200000286102295 
0.7659000158309937 
0.6970999836921692 
0.7652999758720398 
0.765500009059906 
0.7415000200271606 
0.7559999823570251 
0.7706999778747559 
0.7542999982833862 
0.7346000075340271 
0.7168999910354614 
0.7706999778747559 
0.7235999703407288 
0.7218999862670898 
0.7544999718666077 
0.7156000137329102 
0.7709000110626221 
0.7073000073432922 
0.7628999948501587 
0.733299970626831 
0.7128999829292297 
0.7391999959945679 
0.6948000192642212 
0.7541000247001648 
0.7473999857902527 
0.7476000189781189 
0.7797999978065491 
0.6848999857902527 
0.7512000203132629 
0.7195000052452087 
0.7297999858856201 
0.7073000073432922 
0.7591999769210815 
0.7387999892234802 
0.7766000032424927 
0.7436000108718872 
0.7242000102996826 
0.7756999731063843 
0.7297000288963318 
0.8040000200271606 
0.7286999821662903 
0.7368000149726868 
0.7732999920845032 
0.7813000082969666 
0.7544999718666077 
0.7588000297546387 
0.7200000286102295 
0.7620999813079834 
0.7324000000953674 
0.7010999917984009 
0.7595999836921692 
0.7354000210762024 
0.736299991607666 
0.7294999957084656 
0.7483000159263611 
0.7318999767303467 
